Date,Reason,Debit,Credit,Balance
2011-11-28,OpeningBalance,-,-,1197
2011-11-28,ATM-WithDraw,500,-,697
2011-11-30,Salary-NOV,-,14600,15297
2011-12-02,WithDrawn-forVipan,2900,-,12397
2011-12-06,Dad,6500,-,5897
2011-12-08,ChinniRecharge,10,-,5887
2011-12-09,WithDrawnING,500,-,5387
2011-12-12,MovieAMTfromING,250,-,5137
2011-12-12,WithDrawn,200,-,4937
2011-12-17,VirginRecharge,251,-,4686
2011-12-18,WithDrawn,500,-,4186
2011-12-24,WothDrawn,500,-,3686
2011-12-26,Return,-,500,4186
2011-12-26,PP-Return-Adj,100,-,4086
2011-12-27,BDAY-Party,1500,-,2586
2011-12-27,LendToVipan,500,-,2086
2011-12-27,BDAY-PartyADJ,-,500,2586
2011-12-29,TempLendVipan,1500,-,1086
2011-12-31,VipanLendReturn,-,1500,2586
2011-12-31,Salary,-,14600,17186
2012-01-04,WoodLand,3040,-,14146
2012-01-06,RoomRentAndMisc,2500,-,11646
2012-01-06,HomeRent,5000,-,6646
2012-01-06,BalChitAMT,1500,-,5146
2012-01-11,Recharge,200,-,4946
2012-01-11,MasoodRecharge,150,-,4796
2012-01-11,ChinniRecharge,10,-,4786
2012-01-12,ChinniRecharge,50,-,4736
2012-01-22,WithDrawn,800,-,3936
2012-01-24,WithDrawnPassport,1000,-,2936
2012-02-01,Salary,-,14600,17536
2012-02-03,ChitPayJAN,6500,-,11036
2012-02-03,AnilLend,2000,-,9036
2012-02-04,Recharge,55,-,8981
2012-02-04,SyncBankAccount,87,-,8894
2012-02-09,VipanAmtToDamViaING,-,500,9394
